751
-28.251429 -20.022858 0.0
-28.219334 -19.882568 0.0
-28.187028 -19.742350 0.0
-28.154583 -19.602505 0.0
-28.121891 -19.462587 0.0
-28.089057 -19.323048 0.0
-28.056011 -19.183592 0.0
-28.022788 -19.044371 0.0
-27.989350 -18.905239 0.0
-27.955734 -18.766348 0.0
-27.921938 -18.627701 0.0
-27.887927 -18.489153 0.0
-27.853699 -18.350710 0.0
-27.819254 -18.212376 0.0
-27.784698 -18.074583 0.0
-27.749853 -17.936619 0.0
-27.714861 -17.799059 0.0
-27.679575 -17.661337 0.0
-27.644178 -17.524164 0.0
-27.608561 -17.387121 0.0
-27.572721 -17.250212 0.0
-27.536659 -17.113436 0.0
-27.500373 -16.976801 0.0
-27.463900 -16.840450 0.0
-27.427201 -16.704245 0.0
-27.390315 -16.568329 0.0
-27.353165 -16.432430 0.0
-27.315787 -16.296692 0.0
-27.278219 -16.161251 0.0
-27.240461 -16.026110 0.0
-27.202397 -15.890871 0.0
-27.164142 -15.755939 0.0
-27.125692 -15.621321 0.0
-27.087012 -15.486881 0.0
-27.048061 -15.352495 0.0
-27.008878 -15.218300 0.0
-26.969460 -15.084297 0.0
-26.929806 -14.950493 0.0
-26.889996 -14.817150 0.0
-26.849871 -14.683750 0.0
-26.809548 -14.550690 0.0
-26.768909 -14.417587 0.0
-26.728110 -14.284956 0.0
-26.686954 -14.152164 0.0
-26.645636 -14.019854 0.0
-26.604077 -13.887772 0.0
-26.562237 -13.755796 0.0
-26.520154 -13.624060 0.0
-26.477827 -13.492565 0.0
-26.435217 -13.361193 0.0
-26.392321 -13.229948 0.0
-26.349219 -13.099081 0.0
-26.305790 -12.968229 0.0
-26.262194 -12.837885 0.0
-26.218228 -12.707443 0.0
-26.174012 -12.577276 0.0
-26.129587 -12.447506 0.0
-26.084788 -12.317657 0.0
-26.039821 -12.188334 0.0
-25.994558 -12.059179 0.0
-25.948918 -11.929968 0.0
-25.903065 -11.801172 0.0
-25.856956 -11.672680 0.0
-25.810551 -11.544380 0.0
-25.763803 -11.416162 0.0
-25.716841 -11.288378 0.0
-25.669493 -11.160570 0.0
-25.621927 -11.033205 0.0
-25.574016 -10.905945 0.0
-25.525801 -10.778908 0.0
-25.477324 -10.652212 0.0
-25.428540 -10.525751 0.0
-25.379364 -10.399309 0.0
-25.329966 -10.273333 0.0
-25.280258 -10.147604 0.0
-25.230154 -10.021917 0.0
-25.179825 -9.896708 0.0
-25.129097 -9.771549 0.0
-25.078098 -9.646772 0.0
-25.026786 -9.522272 0.0
-24.975071 -9.397846 0.0
-24.923082 -9.273815 0.0
-24.870776 -9.150078 0.0
-24.818107 -9.026537 0.0
-24.765118 -8.903303 0.0
-24.711763 -8.780279 0.0
-24.657998 -8.657370 0.0
-24.603954 -8.534887 0.0
-24.549541 -8.412634 0.0
-24.494802 -8.290716 0.0
-24.439826 -8.169338 0.0
-24.384343 -8.047909 0.0
-24.328531 -7.926834 0.0
-24.272299 -7.805923 0.0
-24.215735 -7.685379 0.0
-24.158793 -7.565109 0.0
-24.101519 -7.445221 0.0
-24.043863 -7.325615 0.0
-23.985781 -7.206211 0.0
-23.927361 -7.087204 0.0
-23.868511 -6.968410 0.0
-23.809320 -6.850025 0.0
-23.749744 -6.731960 0.0
-23.689735 -6.614136 0.0
-23.629335 -6.496643 0.0
-23.568497 -6.379406 0.0
-23.507362 -6.262699 0.0
-23.445692 -6.146076 0.0
-23.383722 -6.029999 0.0
-23.321308 -5.914200 0.0
-23.258451 -5.798695 0.0
-23.195242 -5.683655 0.0
-23.131586 -5.568920 0.0
-23.067387 -5.454330 0.0
-23.002831 -5.340233 0.0
-22.937920 -5.226627 0.0
-22.872459 -5.113194 0.0
-22.806593 -5.000187 0.0
-22.740318 -4.887611 0.0
-22.673635 -4.775478 0.0
-22.606443 -4.663631 0.0
-22.538694 -4.551998 0.0
-22.470678 -4.441071 0.0
-22.402102 -4.330372 0.0
-22.333059 -4.220070 0.0
-22.263649 -4.110332 0.0
-22.193674 -4.000854 0.0
-22.123327 -3.891949 0.0
-22.052313 -3.783169 0.0
-21.980923 -3.674984 0.0
-21.909111 -3.567314 0.0
-21.836824 -3.460098 0.0
-21.764011 -3.353271 0.0
-21.690720 -3.246910 0.0
-21.616848 -3.140881 0.0
-21.542597 -3.035484 0.0
-21.467863 -2.930576 0.0
-21.392546 -2.826027 0.0
-21.316742 -2.721989 0.0
-21.240452 -2.618462 0.0
-21.163675 -2.515461 0.0
-21.086205 -2.412720 0.0
-21.008345 -2.310654 0.0
-20.930044 -2.209202 0.0
-20.851147 -2.108173 0.0
-20.771807 -2.007771 0.0
-20.691868 -1.907806 0.0
-20.611431 -1.808422 0.0
-20.530495 -1.709618 0.0
-20.449060 -1.611408 0.0
-20.367020 -1.513672 0.0
-20.284475 -1.416542 0.0
-20.201427 -1.320023 0.0
-20.117664 -1.223888 0.0
-20.033501 -1.128498 0.0
-19.948828 -1.033749 0.0
-19.863647 -0.939636 0.0
-19.777849 -0.846062 0.0
-19.691542 -0.753139 0.0
-19.604721 -0.660881 0.0
-19.517172 -0.569069 0.0
-19.429323 -0.478153 0.0
-19.340853 -0.387814 0.0
-19.251863 -0.298161 0.0
-19.162142 -0.208988 0.0
-19.072117 -0.120731 0.0
-18.981464 -0.033077 0.0
-18.890181 0.053967 0.0
-18.798485 0.140186 0.0
-18.706266 0.225681 0.0
-18.613306 0.310646 0.0
-18.520039 0.394676 0.0
-18.426138 0.478065 0.0
-18.331711 0.560703 0.0
-18.236755 0.642590 0.0
-18.141163 0.723816 0.0
-18.045263 0.804089 0.0
-17.948725 0.883694 0.0
-17.851654 0.962524 0.0
-17.754055 1.040581 0.0
-17.655813 1.117943 0.0
-17.557373 1.194263 0.0
-17.458179 1.269970 0.0
-17.358564 1.344799 0.0
-17.258530 1.418755 0.0
-17.157850 1.491993 0.0
-17.056635 1.564430 0.0
-16.955112 1.635906 0.0
-16.852943 1.706657 0.0
-16.750353 1.776520 0.0
-16.647455 1.845417 0.0
-16.543911 1.913586 0.0
-16.440058 1.980789 0.0
-16.335558 2.047249 0.0
-16.230637 2.112820 0.0
-16.125294 2.177505 0.0
-16.019533 2.241299 0.0
-15.913467 2.304134 0.0
-15.806868 2.366154 0.0
-15.699850 2.427284 0.0
-15.592413 2.487530 0.0
-15.484674 2.546829 0.0
-15.376287 2.605370 0.0
-15.267715 2.662903 0.0
-15.158846 2.719498 0.0
-15.049442 2.775272 0.0
-14.939625 2.830173 0.0
-14.829746 2.884029 0.0
-14.719219 2.937126 0.0
-14.608515 2.989246 0.0
-14.497517 3.040447 0.0
-14.386108 3.090786 0.0
-14.274290 3.140270 0.0
-14.162300 3.188793 0.0
-14.050020 3.236416 0.0
-13.937336 3.283195 0.0
-13.824482 3.329033 0.0
-13.711344 3.373985 0.0
-13.598040 3.418011 0.0
-13.484215 3.461254 0.0
-13.370348 3.503540 0.0
-13.256201 3.544960 0.0
-13.141775 3.585526 0.0
-13.027311 3.625160 0.0
-12.912333 3.664028 0.0
-12.797441 3.701942 0.0
-12.682158 3.739063 0.0
-12.566721 3.775318 0.0
-12.451260 3.810684 0.0
-12.335527 3.845242 0.0
-12.219532 3.878994 0.0
-12.103512 3.911880 0.0
-11.987230 3.943981 0.0
-11.870930 3.975231 0.0
-11.754494 4.005676 0.0
-11.637918 4.035324 0.0
-11.521090 4.064217 0.0
-11.404249 4.092293 0.0
-11.287155 4.119629 0.0
-11.170301 4.146114 0.0
-11.053074 4.171902 0.0
-10.935968 4.196892 0.0
-10.818617 4.221169 0.0
-10.701145 4.244717 0.0
-10.583677 4.267517 0.0
-10.466459 4.289539 0.0
-10.348883 4.310909 0.0
-10.231068 4.331604 0.0
-10.113388 4.351574 0.0
-9.995848 4.370827 0.0
-9.878199 4.389416 0.0
-9.760321 4.407364 0.0
-9.642586 4.424629 0.0
-9.524750 4.441254 0.0
-9.407063 4.457214 0.0
-9.289278 4.472553 0.0
-9.171396 4.487282 0.0
-9.053545 4.501389 0.0
-8.935976 4.514862 0.0
-8.817944 4.527790 0.0
-8.700195 4.540100 0.0
-8.582485 4.551834 0.0
-8.464817 4.562996 0.0
-8.347065 4.573608 0.0
-8.229359 4.583668 0.0
-8.111572 4.593197 0.0
-7.994083 4.602173 0.0
-7.876396 4.610645 0.0
-7.758762 4.618603 0.0
-7.641304 4.626045 0.0
-7.523781 4.632999 0.0
-7.406437 4.639462 0.0
-7.289028 4.645454 0.0
-7.171680 4.650978 0.0
-7.054272 4.656044 0.0
-6.937183 4.660652 0.0
-6.819904 4.664829 0.0
-6.702824 4.668568 0.0
-6.585815 4.671886 0.0
-6.468750 4.674789 0.0
-6.351761 4.677288 0.0
-6.234974 4.679386 0.0
-6.118141 4.681099 0.0
-6.001385 4.682430 0.0
-5.884586 4.683392 0.0
-5.767998 4.683987 0.0
-5.651367 4.684231 0.0
-5.534821 4.684128 0.0
-5.418621 4.683685 0.0
-5.302258 4.682915 0.0
-5.185986 4.681824 0.0
-5.069805 4.680416 0.0
-4.953468 4.678703 0.0
-4.837482 4.676697 0.0
-4.721470 4.674397 0.0
-4.605556 4.671818 0.0
-4.489620 4.668964 0.0
-4.373913 4.665848 0.0
-4.258312 4.662476 0.0
-4.142693 4.658848 0.0
-4.027054 4.654980 0.0
-3.911652 4.650879 0.0
-3.796364 4.646553 0.0
-3.680935 4.642002 0.0
-3.565746 4.637241 0.0
-3.450546 4.632275 0.0
-3.335468 4.627113 0.0
-3.220383 4.621758 0.0
-3.105545 4.616230 0.0
-2.990704 4.610523 0.0
-2.875732 4.604633 0.0
-2.761139 4.598602 0.0
-2.646423 4.592407 0.0
-2.531960 4.586075 0.0
-2.417503 4.579601 0.0
-2.303051 4.572990 0.0
-2.188732 4.566257 0.0
-2.074421 4.559402 0.0
-1.960121 4.552433 0.0
-1.846085 4.545368 0.0
-1.731934 4.538197 0.0
-1.617928 4.530941 0.0
-1.504059 4.523605 0.0
-1.390083 4.516178 0.0
-1.276379 4.508698 0.0
-1.162697 4.501148 0.0
-1.049164 4.493546 0.0
-0.935524 4.485886 0.0
-0.821911 4.478176 0.0
-0.708702 4.470455 0.0
-0.595268 4.462685 0.0
-0.481865 4.454887 0.0
-0.368618 4.447079 0.0
-0.255527 4.439270 0.0
-0.142345 4.431442 0.0
-0.029198 4.423618 0.0
0.083660 4.415821 0.0
0.196606 4.408028 0.0
0.309387 4.400265 0.0
0.422382 4.392513 0.0
0.535080 4.384815 0.0
0.647732 4.377155 0.0
0.760342 4.369545 0.0
0.872906 4.361988 0.0
0.985420 4.354496 0.0
1.097885 4.347069 0.0
1.210300 4.339718 0.0
1.322536 4.332455 0.0
1.434845 4.325275 0.0
1.547096 4.318188 0.0
1.659294 4.311203 0.0
1.771305 4.304333 0.0
1.883385 4.297573 0.0
1.995399 4.290932 0.0
2.107353 4.284420 0.0
2.219242 4.278042 0.0
2.331066 4.271809 0.0
2.442825 4.265720 0.0
2.554512 4.259789 0.0
2.666378 4.254009 0.0
2.777927 4.248409 0.0
2.889397 4.242981 0.0
3.001045 4.237728 0.0
3.112370 4.232674 0.0
3.223862 4.227806 0.0
3.335278 4.223137 0.0
3.446487 4.218685 0.0
3.557739 4.214447 0.0
3.669029 4.210426 0.0
3.780113 4.206638 0.0
3.891109 4.203087 0.0
4.002262 4.199772 0.0
4.113079 4.196716 0.0
4.224052 4.193913 0.0
4.334934 4.191372 0.0
4.445721 4.189102 0.0
4.556656 4.187107 0.0
4.667248 4.185402 0.0
4.777988 4.183987 0.0
4.888626 4.182873 0.0
4.999161 4.182064 0.0
5.109592 4.181572 0.0
5.220165 4.181396 0.0
5.330383 4.181553 0.0
5.440739 4.182041 0.0
5.550983 4.182877 0.0
5.661118 4.184059 0.0
5.771255 4.185596 0.0
5.881283 4.187504 0.0
5.991314 4.189781 0.0
6.101227 4.192440 0.0
6.211018 4.195484 0.0
6.320930 4.198925 0.0
6.430477 4.202763 0.0
6.540138 4.207016 0.0
6.649677 4.211681 0.0
6.759087 4.216774 0.0
6.868607 4.222305 0.0
6.977875 4.228268 0.0
7.087128 4.234684 0.0
7.196369 4.241558 0.0
7.305351 4.248882 0.0
7.414196 4.256676 0.0
7.523140 4.264961 0.0
7.631943 4.273727 0.0
7.740601 4.282986 0.0
7.849232 4.292747 0.0
7.957718 4.303017 0.0
8.066055 4.313797 0.0
8.174244 4.325096 0.0
8.282398 4.336933 0.0
8.390400 4.349304 0.0
8.498363 4.362232 0.0
8.606171 4.375710 0.0
8.713699 4.389729 0.0
8.821308 4.404343 0.0
8.928753 4.419529 0.0
9.036034 4.435295 0.0
9.142914 4.451611 0.0
9.249863 4.468555 0.0
9.356876 4.486137 0.0
9.463367 4.504272 0.0
9.569923 4.523064 0.0
9.676189 4.542454 0.0
9.782280 4.562477 0.0
9.888195 4.583134 0.0
9.994045 4.604458 0.0
10.099720 4.626438 0.0
10.205093 4.649048 0.0
10.310173 4.672302 0.0
10.415295 4.696278 0.0
10.519890 4.720852 0.0
10.624523 4.746166 0.0
10.728973 4.772175 0.0
10.833000 4.798824 0.0
10.936951 4.826210 0.0
11.040596 4.854279 0.0
11.143929 4.883034 0.0
11.247185 4.912548 0.0
11.350014 4.942726 0.0
11.452644 4.973644 0.0
11.554966 5.005268 0.0
11.657196 5.037682 0.0
11.758999 5.070778 0.0
11.860489 5.104599 0.0
11.961769 5.139187 0.0
12.062626 5.174469 0.0
12.163273 5.210529 0.0
12.263599 5.247337 0.0
12.363499 5.284847 0.0
12.463074 5.323109 0.0
12.562439 5.362167 0.0
12.661373 5.401947 0.0
12.759979 5.442486 0.0
12.858376 5.483837 0.0
12.956337 5.525917 0.0
13.053864 5.568722 0.0
13.150955 5.612251 0.0
13.247829 5.656616 0.0
13.344051 5.701607 0.0
13.440056 5.747437 0.0
13.535843 5.794106 0.0
13.630974 5.841408 0.0
13.725780 5.889503 0.0
13.820255 5.938393 0.0
13.914188 5.987968 0.0
14.007687 6.038284 0.0
14.100750 6.089340 0.0
14.193485 6.141197 0.0
14.285675 6.193741 0.0
14.377327 6.246960 0.0
14.468647 6.300987 0.0
14.559536 6.355751 0.0
14.649990 6.411263 0.0
14.739906 6.467449 0.0
14.829388 6.524372 0.0
14.918228 6.581902 0.0
15.006737 6.640236 0.0
15.094715 6.699238 0.0
15.182365 6.759045 0.0
15.269272 6.819374 0.0
15.355751 6.880428 0.0
15.441902 6.942287 0.0
15.527321 7.004654 0.0
15.612411 7.067818 0.0
15.696873 7.131550 0.0
15.780907 7.196003 0.0
15.864414 7.261093 0.0
15.947399 7.326820 0.0
16.029858 7.393173 0.0
16.111794 7.460155 0.0
16.193207 7.527760 0.0
16.274105 7.595978 0.0
16.354481 7.664810 0.0
16.434338 7.734249 0.0
16.513680 7.804287 0.0
16.592506 7.874928 0.0
16.670723 7.946068 0.0
16.748528 8.017883 0.0
16.825623 8.090099 0.0
16.902409 8.163074 0.0
16.978489 8.236431 0.0
17.054165 8.310448 0.0
17.129238 8.384926 0.0
17.203907 8.460056 0.0
17.277882 8.535534 0.0
17.351452 8.611652 0.0
17.424335 8.688099 0.0
17.496819 8.765179 0.0
17.568714 8.842674 0.0
17.640118 8.920681 0.0
17.711124 8.999302 0.0
17.781361 9.078106 0.0
17.851299 9.157619 0.0
17.920563 9.237404 0.0
17.989441 9.317776 0.0
18.057743 9.398514 0.0
18.125473 9.479607 0.0
18.192726 9.561157 0.0
18.259502 9.643162 0.0
18.325806 9.725609 0.0
18.391544 9.808380 0.0
18.456818 9.891582 0.0
18.521526 9.975090 0.0
18.585770 10.059017 0.0
18.649551 10.143349 0.0
18.712780 10.227962 0.0
18.775547 10.312969 0.0
18.837856 10.398365 0.0
18.899620 10.484013 0.0
18.960930 10.570034 0.0
19.021786 10.656418 0.0
19.082191 10.743164 0.0
19.142059 10.830128 0.0
19.201393 10.917305 0.0
19.260368 11.004944 0.0
19.318813 11.092781 0.0
19.376907 11.181068 0.0
19.434471 11.269535 0.0
19.491516 11.358170 0.0
19.548210 11.447239 0.0
19.604382 11.536461 0.0
19.660210 11.626102 0.0
19.715523 11.715878 0.0
19.770325 11.805782 0.0
19.824783 11.896084 0.0
19.878819 11.986641 0.0
19.932350 12.077297 0.0
19.985458 12.168190 0.0
20.038235 12.259457 0.0
20.090511 12.350800 0.0
20.142376 12.442356 0.0
20.193909 12.534271 0.0
20.244949 12.626232 0.0
20.295662 12.718540 0.0
20.345844 12.810806 0.0
20.395706 12.903400 0.0
20.445206 12.996243 0.0
20.494259 13.089172 0.0
20.542919 13.182259 0.0
20.591217 13.275570 0.0
20.639122 13.369026 0.0
20.686634 13.462616 0.0
20.733753 13.556332 0.0
20.780560 13.650330 0.0
20.826900 13.744278 0.0
20.873013 13.838657 0.0
20.918663 13.932976 0.0
20.963966 14.027466 0.0
21.008968 14.122211 0.0
21.053474 14.216782 0.0
21.097759 14.311760 0.0
21.141666 14.406803 0.0
21.185238 14.501991 0.0
21.228436 14.597229 0.0
21.271381 14.692768 0.0
21.313877 14.788177 0.0
21.356083 14.883785 0.0
21.397926 14.979420 0.0
21.439476 15.075249 0.0
21.480743 15.171268 0.0
21.521648 15.267292 0.0
21.562271 15.363491 0.0
21.602531 15.459682 0.0
21.642441 15.555859 0.0
21.682140 15.652378 0.0
21.721493 15.748871 0.0
21.760487 15.845329 0.0
21.799286 15.942120 0.0
21.837734 16.038860 0.0
21.875908 16.135738 0.0
21.913738 16.232555 0.0
21.951336 16.329594 0.0
21.988586 16.426559 0.0
22.025612 16.523735 0.0
22.062332 16.620922 0.0
22.098785 16.718212 0.0
22.134941 16.815506 0.0
22.170834 16.912895 0.0
22.206463 17.010368 0.0
22.241833 17.107929 0.0
22.276943 17.205566 0.0
22.311760 17.303181 0.0
22.346321 17.400864 0.0
22.380592 17.498508 0.0
22.414680 17.596416 0.0
22.448441 17.694176 0.0
22.482025 17.792191 0.0
22.515320 17.890148 0.0
22.548367 17.988144 0.0
22.581200 18.086281 0.0
22.613716 18.184242 0.0
22.646053 18.282440 0.0
22.678146 18.380657 0.0
22.709999 18.478897 0.0
22.741604 18.577148 0.0
22.773041 18.675621 0.0
22.804165 18.773884 0.0
22.835117 18.872364 0.0
22.865833 18.970837 0.0
22.896275 19.069195 0.0
22.926552 19.167759 0.0
22.956589 19.266304 0.0
22.986397 19.364826 0.0
23.016068 19.463657 0.0
23.045441 19.562233 0.0
23.074615 19.660889 0.0
23.103592 19.759617 0.0
23.132374 19.858414 0.0
23.160927 19.957169 0.0
23.189320 20.056095 0.0
23.217453 20.154854 0.0
23.245426 20.253780 0.0
23.273174 20.352646 0.0
23.300762 20.451675 0.0
23.328129 20.550636 0.0
23.355309 20.649635 0.0
23.382263 20.748558 0.0
23.409100 20.847748 0.0
23.435715 20.946850 0.0
23.462109 21.045864 0.0
23.488354 21.145020 0.0
23.514412 21.244194 0.0
23.540257 21.343269 0.0
23.565983 21.442596 0.0
23.591492 21.541817 0.0
23.616825 21.641045 0.0
23.641972 21.740276 0.0
23.666973 21.839630 0.0
23.691765 21.938862 0.0
23.716408 22.038208 0.0
23.740906 22.137669 0.0
23.765198 22.236996 0.0
23.789341 22.336433 0.0
23.813313 22.435852 0.0
23.837135 22.535374 0.0
23.860790 22.634876 0.0
23.884270 22.734348 0.0
23.907604 22.833916 0.0
23.930740 22.933327 0.0
23.953796 23.033081 0.0
23.976650 23.132671 0.0
23.999336 23.232216 0.0
24.021881 23.331848 0.0
24.044289 23.431561 0.0
24.066498 23.531090 0.0
24.088600 23.630829 0.0
24.110542 23.730511 0.0
24.132370 23.830391 0.0
24.154007 23.930084 0.0
24.175507 24.029839 0.0
24.196877 24.129662 0.0
24.218079 24.229416 0.0
24.239174 24.329353 0.0
24.260117 24.429222 0.0
24.280891 24.529015 0.0
24.301567 24.628990 0.0
24.322052 24.728745 0.0
24.342468 24.828819 0.0
24.362724 24.928802 0.0
24.382820 25.028702 0.0
24.402817 25.128769 0.0
24.422676 25.228882 0.0
24.442390 25.328896 0.0
24.461975 25.428940 0.0
24.481430 25.529015 0.0
24.500763 25.629128 0.0
24.519966 25.729263 0.0
24.539047 25.829430 0.0
24.557999 25.929619 0.0
24.576828 26.029823 0.0
24.595535 26.130058 0.0
24.614120 26.230309 0.0
24.632576 26.330574 0.0
24.650917 26.430847 0.0
24.669128 26.531143 0.0
24.687225 26.631439 0.0
24.705193 26.731750 0.0
24.723076 26.832207 0.0
24.740829 26.932663 0.0
24.758446 27.032990 0.0
24.775986 27.133591 0.0
24.793388 27.234055 0.0
24.810669 27.334518 0.0
24.827858 27.435112 0.0
24.844902 27.535561 0.0
24.861862 27.636139 0.0
24.878723 27.736855 0.0
24.895447 27.837410 0.0
24.912079 27.938103 0.0
24.928589 28.038773 0.0
24.944992 28.139427 0.0
24.961304 28.240204 0.0
24.977509 28.340965 0.0
24.993591 28.441696 0.0
25.009590 28.542557 0.0
25.025475 28.643387 0.0
25.041267 28.744339 0.0
25.056953 28.845261 0.0
25.072525 28.946144 0.0
25.088013 29.047150 0.0
25.103386 29.148117 0.0
25.118652 29.249054 0.0
25.133850 29.350250 0.0
25.148926 29.451248 0.0
25.163910 29.552361 0.0
25.178787 29.653427 0.0
25.193596 29.754753 0.0
25.208305 29.856033 0.0
25.222885 29.957115 0.0
25.237396 30.058449 0.0
25.251831 30.159889 0.0
25.266129 30.261116 0.0
25.280373 30.362602 0.0
25.294487 30.463867 0.0
25.308517 30.565239 0.0
25.322495 30.666855 0.0
25.336357 30.768417 0.0
25.350121 30.869911 0.0
25.363808 30.971504 0.0
25.377388 31.073021 0.0
25.390907 31.174797 0.0
25.404327 31.276497 0.0
25.417641 31.378128 0.0
25.430901 31.480003 0.0
25.444054 31.581810 0.0
25.457115 31.683533 0.0
25.470108 31.785507 0.0
25.483009 31.887398 0.0
25.495827 31.989372 0.0
25.508545 32.091270 0.0
